2889 6
3399 6
3247 6
2190 1
3112 6
2321 6
2757 6
2759 6
2903 6
2621 7
2491 6
2904 6
2624 7
3133 7
2921 6
3287 5
2345 6
2497 6
2498 6
2795 7
2348 7
2067 7
6819 6
2926 7
2510 7
3171 7
2944 7
2946 6
3174 6
2948 6
2515 6
2811 7
2235 6
2813 5
3040 6
2532 6
3196 6
2831 6
2103 6
2104 5
2833 6
2985 6
2552 8
2988 7
NNNN 11
2123 6
2406 6
2276 7
2290 6
3211 6
2291 6
2858 6
3085 6
3215 6
2425 7
2011 6
2598 6
2760 7
2899 6
2186 8
3108 8
2331 6
2189 6
3277 8
2769 6
2054 6
2786 5
2936 6
2359 6
2656 6
3014 7
3017 6
2803 6
2391 7
2379 6
2821 7
3332 7
3050 6
2110 6
2546 6
2547 7
3057 6
3354 6
2563 6
2117 6
2999 6
2861 6
3075 6
2864 6
3209 7
2865 7
2732 7
2733 6
