2189
2189
2189
2189
2189
2189
3211
3211
3211
3211
3211
3211
2117
2117
2117
2117
2117
2117
2011
2011
2011
2011
2011
2011
2491
2491
2491
2491
2491
2491
3133
3133
3133
3133
3133
3133
3133
2331
2331
2331
2331
2331
2331
2563
2563
2563
2563
2563
2563
3247
3247
3247
3247
3247
3247
2110
2110
2110
2110
2110
2110
3075
3075
3075
3075
3075
3075
2621
2621
2621
2621
2621
2621
2621
2321
2321
2321
2321
2321
2321
3399
3399
3399
3399
3399
3399
2936
2936
2936
2936
2936
2936
NNNN
NNNN
NNNN
NNNN
NNNN
NNNN
2821
2821
2821
2821
2821
2821
2821
2757
2757
2757
2757
2757
2757
3057
3057
3057
3057
3057
3057
2926
2926
2926
2926
2926
2926
2926
2656
2656
2656
2656
2656
2656
2497
2497
2497
2497
2497
2497
2054
2054
2054
2054
2054
2054
2276
2276
2276
2276
2276
2276
2276
2759
2759
2759
2759
2759
2759
2190
2290
2290
2290
2290
2290
2290
2359
2359
2359
2359
2359
2359
2795
2795
2795
2795
2795
2795
2795
2944
2944
2944
2944
2944
2944
2944
2831
2831
2831
2831
2831
2831
2406
2406
2406
2406
2406
2406
2348
2348
2348
2348
2348
2348
2348
2391
2391
2391
2391
2391
2391
2391
3215
3215
3215
3215
3215
3215
2889
2889
2889
2889
2889
2889
NNNN
NNNN
NNNN
NNNN
NNNN
6819
6819
6819
6819
6819
6819
3108
3108
3108
3108
3108
3108
3108
3108
2786
2786
2786
2786
2786
2899
2899
2899
2899
2899
2899
3287
3287
3287
3287
3287
3040
3040
3040
3040
3040
3040
2547
2547
2547
2547
2547
2547
2547
2813
2813
2813
2813
2813
3014
3014
3014
3014
3014
3014
3014
2291
2291
2291
2291
2291
2291
3050
3050
3050
3050
3050
3050
2865
2865
2865
2865
2865
2865
2865
3085
3085
3085
3085
3085
3085
2903
2903
2903
2903
2903
2903
3277
3277
3277
3277
3277
3277
3277
3277
2760
2760
2760
2760
2760
2760
2760
2803
2803
2803
2803
2803
2803
2733
2733
2733
2733
2733
2733
2235
2235
2235
2235
2235
2235
2624
2624
2624
2624
2624
2624
2624
3196
3196
3196
3196
3196
3196
2985
2985
2985
2985
2985
2985
2769
2769
2769
2769
2769
2769
2498
2498
2498
2498
2498
2498
2833
2833
2833
2833
2833
2833
2067
2067
2067
2067
2067
2067
2067
2598
2598
2598
2598
2598
2598
3332
3332
3332
3332
3332
3332
3332
3171
3171
3171
3171
3171
3171
3171
3174
3174
3174
3174
3174
3174
2921
2921
2921
2921
2921
2921
3112
3112
3112
3112
3112
3112
2425
2425
2425
2425
2425
2425
2425
2379
2379
2379
2379
2379
2379
2946
2946
2946
2946
2946
2946
2811
2811
2811
2811
2811
2811
2811
3209
3209
3209
3209
3209
3209
3209
3017
3017
3017
3017
3017
3017
2123
2123
2123
2123
2123
2123
2861
2861
2861
2861
2861
2861
2864
2864
2864
2864
2864
2864
3354
3354
3354
3354
3354
3354
2510
2510
2510
2510
2510
2510
2510
2104
2104
2104
2104
2104
2532
2532
2532
2532
2532
2532
2103
2103
2103
2103
2103
2103
2546
2546
2546
2546
2546
2546
2515
2515
2515
2515
2515
2515
2988
2988
2988
2988
2988
2988
2988
2904
2904
2904
2904
2904
2904
2186
2186
2186
2186
2186
2186
2186
2186
2345
2345
2345
2345
2345
2345
2552
2552
2552
2552
2552
2552
2552
2552
2948
2948
2948
2948
2948
2948
2999
2999
2999
2999
2999
2999
2732
2732
2732
2732
2732
2732
2732
2858
2858
2858
2858
2858
2858
